Please enter an odd number
Path 0 Found:
000001111 2
010001111 7
010001011 1
110001011 8
110001001 5
110011001 6
110010001 7
110010101 1
010010101 6
010011101 7
010011001 8
010011011 2
000011011 3
001011011 5
---------------------------------
001001011 7
001001111 8
001001101 2
011001101 3
010001101 4
010101101 9
010101100 3
011101100 4
011001100 5
011011100 2
001011100 9
001011101 3
000011101 8
000011111 9

Path 1 Found:
000001111 2
010001111 7
010001011 3
011001011 6
011000011 5
011010011 2
001010011 1
101010011 9
101010010 4
101110010 1
001110010 9
001110011 8
001110001 2
011110001 5
---------------------------------
011100001 8
011100011 2
001100011 1
101100011 9
101100010 6
101101010 1
001101010 9
001101011 8
001101001 5
001111001 4
001011001 7
001011101 3
000011101 8
000011111 9

Path 2 Found:
000001111 2
010001111 7
010001011 3
011001011 9
011001010 4
011101010 3
010101010 7
010101110 2
000101110 3
001101110 6
001100110 5
001110110 3
000110110 1
100110110 5
---------------------------------
100100110 9
100100111 7
100100011 5
100110011 4
100010011 7
100010111 8
100010101 3
101010101 7
101010001 6
101011001 1
001011001 7
001011101 3
000011101 8
000011111 9

Path 3 Found:
000001111 2
010001111 7
010001011 4
010101011 6
010100011 3
011100011 8
011100001 7
011100101 9
011100100 8
011100110 3
010100110 5
010110110 2
000110110 1
100110110 5
---------------------------------
100100110 9
100100111 8
100100101 5
100110101 7
100110001 2
110110001 1
010110001 3
011110001 2
001110001 7
001110101 4
001010101 6
001011101 3
000011101 8
000011111 9

Path 4 Found:
000001111 2
010001111 7
010001011 5
010011011 2
000011011 3
001011011 6
001010011 1
101010011 9
101010010 4
101110010 1
001110010 9
001110011 8
001110001 2
011110001 5
---------------------------------
011100001 8
011100011 2
001100011 1
101100011 9
101100010 6
101101010 1
001101010 9
001101011 4
001001011 7
001001111 8
001001101 5
001011101 3
000011101 8
000011111 9

Path 5 Found:
000001111 2
010001111 8
010001101 1
110001101 6
110000101 4
110100101 1
010100101 3
011100101 9
011100100 8
011100110 3
010100110 5
010110110 2
000110110 1
100110110 5
---------------------------------
100100110 9
100100111 8
100100101 5
100110101 7
100110001 2
110110001 1
010110001 7
010110101 9
010110100 6
010111100 4
010011100 9
010011101 2
000011101 8
000011111 9

Path 6 Found:
000001111 2
010001111 8
010001101 1
110001101 6
110000101 5
110010101 1
010010101 8
010010111 7
010010011 1
110010011 8
110010001 6
110011001 1
010011001 3
011011001 5
---------------------------------
011001001 7
011001101 9
011001100 4
011101100 2
001101100 9
001101101 3
000101101 2
010101101 9
010101100 5
010111100 4
010011100 9
010011101 2
000011101 8
000011111 9

Path 7 Found:
000001111 2
010001111 8
010001101 1
110001101 6
110000101 5
110010101 1
010010101 8
010010111 7
010010011 1
110010011 9
110010010 6
110011010 8
110011000 3
111011000 5
---------------------------------
111001000 7
111001100 2
101001100 4
101101100 1
001101100 9
001101101 3
000101101 2
010101101 9
010101100 5
010111100 4
010011100 9
010011101 2
000011101 8
000011111 9

Path 8 Found:
000001111 2
010001111 8
010001101 1
110001101 6
110000101 5
110010101 1
010010101 8
010010111 7
010010011 4
010110011 2
000110011 6
000111011 4
000011011 3
001011011 5
---------------------------------
001001011 7
001001111 6
001000111 4
001100111 8
001100101 6
001101101 3
000101101 2
010101101 9
010101100 5
010111100 4
010011100 9
010011101 2
000011101 8
000011111 9

Path 9 Found:
000001111 2
010001111 8
010001101 1
110001101 6
110000101 5
110010101 1
010010101 8
010010111 7
010010011 4
010110011 9
010110010 3
011110010 2
001110010 9
001110011 5
---------------------------------
001100011 1
101100011 8
101100001 7
101100101 1
001100101 6
001101101 3
000101101 2
010101101 9
010101100 5
010111100 4
010011100 9
010011101 2
000011101 8
000011111 9

Path 10 Found:
000001111 2
010001111 8
010001101 1
110001101 6
110000101 5
110010101 1
010010101 8
010010111 9
010010110 3
011010110 7
011010010 4
011110010 2
001110010 9
001110011 5
---------------------------------
001100011 1
101100011 8
101100001 6
101101001 3
100101001 7
100101101 1
000101101 2
010101101 9
010101100 5
010111100 4
010011100 9
010011101 2
000011101 8
000011111 9

Path 11 Found:
000001111 2
010001111 8
010001101 1
110001101 6
110000101 5
110010101 1
010010101 8
010010111 9
010010110 6
010011110 7
010011010 1
110011010 8
110011000 3
111011000 5
---------------------------------
111001000 7
111001100 2
101001100 9
101001101 3
100001101 4
100101101 1
000101101 2
010101101 9
010101100 5
010111100 4
010011100 9
010011101 2
000011101 8
000011111 9

Path 12 Found:
000001111 2
010001111 8
010001101 1
110001101 6
110000101 5
110010101 7
110010001 6
110011001 1
010011001 3
011011001 9
011011000 8
011011010 2
001011010 1
101011010 5
---------------------------------
101001010 9
101001011 8
101001001 2
111001001 1
011001001 7
011001101 9
011001100 4
011101100 3
010101100 5
010111100 4
010011100 9
010011101 2
000011101 8
000011111 9

Path 13 Found:
000001111 2
010001111 8
010001101 1
110001101 6
110000101 5
110010101 7
110010001 6
110011001 1
010011001 8
010011011 2
000011011 3
001011011 9
001011010 1
101011010 5
---------------------------------
101001010 9
101001011 1
001001011 7
001001111 8
001001101 2
011001101 9
011001100 4
011101100 3
010101100 5
010111100 4
010011100 9
010011101 2
000011101 8
000011111 9

Path 14 Found:
000001111 2
010001111 8
010001101 1
110001101 9
110001100 8
110001110 6
110000110 4
110100110 1
010100110 5
010110110 8
010110100 9
010110101 7
010110001 3
011110001 5
---------------------------------
011100001 7
011100101 3
010100101 1
110100101 2
100100101 5
100110101 9
100110100 6
100111100 4
100011100 2
110011100 1
010011100 9
010011101 2
000011101 8
000011111 9

Path 15 Found:
000001111 2
010001111 8
010001101 1
110001101 9
110001100 8
110001110 6
110000110 5
110010110 8
110010100 4
110110100 1
010110100 9
010110101 7
010110001 3
011110001 5
---------------------------------
011100001 7
011100101 3
010100101 1
110100101 9
110100100 6
110101100 2
100101100 5
100111100 4
100011100 2
110011100 1
010011100 9
010011101 2
000011101 8
000011111 9

Path 16 Found:
000001111 2
010001111 8
010001101 3
011001101 2
001001101 5
001011101 6
001010101 8
001010111 3
000010111 4
000110111 7
000110011 6
000111011 4
000011011 3
001011011 5
---------------------------------
001001011 7
001001111 6
001000111 4
001100111 3
000100111 6
000101111 7
000101011 2
010101011 4
010001011 5
010011011 8
010011001 7
010011101 2
000011101 8
000011111 9

Path 17 Found:
000001111 2
010001111 8
010001101 3
011001101 2
001001101 5
001011101 7
001011001 4
001111001 3
000111001 1
100111001 9
100111000 3
101111000 4
101011000 8
101011010 5
---------------------------------
101001010 2
111001010 6
111000010 7
111000110 1
011000110 9
011000111 7
011000011 6
011001011 3
010001011 5
010011011 8
010011001 7
010011101 2
000011101 8
000011111 9

Path 18 Found:
000001111 2
010001111 8
010001101 3
011001101 7
011001001 4
011101001 2
001101001 5
001111001 3
000111001 1
100111001 9
100111000 3
101111000 4
101011000 8
101011010 5
---------------------------------
101001010 2
111001010 6
111000010 7
111000110 1
011000110 9
011000111 7
011000011 5
011010011 8
011010001 6
011011001 3
010011001 7
010011101 2
000011101 8
000011111 9

Path 19 Found:
000001111 2
010001111 8
010001101 4
010101101 2
000101101 1
100101101 4
100001101 5
100011101 6
100010101 8
100010111 7
100010011 4
100110011 9
100110010 7
100110110 5
---------------------------------
100100110 3
101100110 1
001100110 6
001101110 3
000101110 2
010101110 4
010001110 5
010011110 6
010010110 9
010010111 8
010010101 6
010011101 2
000011101 8
000011111 9

Path 20 Found:
000001111 2
010001111 8
010001101 4
010101101 2
000101101 1
100101101 7
100101001 3
101101001 6
101100001 5
101110001 3
100110001 2
110110001 1
010110001 3
011110001 5
---------------------------------
011100001 7
011100101 9
011100100 8
011100110 7
011100010 5
011110010 4
011010010 7
011010110 3
010010110 9
010010111 8
010010101 6
010011101 2
000011101 8
000011111 9

Path 21 Found:
000001111 2
010001111 8
010001101 4
010101101 2
000101101 1
100101101 7
100101001 3
101101001 6
101100001 5
101110001 9
101110000 8
101110010 1
001110010 9
001110011 5
---------------------------------
001100011 1
101100011 9
101100010 2
111100010 1
011100010 5
011110010 4
011010010 7
011010110 3
010010110 9
010010111 8
010010101 6
010011101 2
000011101 8
000011111 9

Path 22 Found:
000001111 2
010001111 8
010001101 4
010101101 2
000101101 1
100101101 7
100101001 5
100111001 1
000111001 2
010111001 9
010111000 1
110111000 6
110110000 7
110110100 5
---------------------------------
110100100 3
111100100 4
111000100 9
111000101 1
011000101 8
011000111 9
011000110 5
011010110 3
010010110 9
010010111 8
010010101 6
010011101 2
000011101 8
000011111 9

Path 23 Found:
000001111 2
010001111 8
010001101 4
010101101 2
000101101 3
001101101 6
001100101 1
101100101 7
101100001 5
101110001 3
100110001 2
110110001 1
010110001 3
011110001 5
---------------------------------
011100001 7
011100101 9
011100100 8
011100110 7
011100010 5
011110010 3
010110010 9
010110011 4
010010011 7
010010111 8
010010101 6
010011101 2
000011101 8
000011111 9

Path 24 Found:
000001111 2
010001111 8
010001101 4
010101101 2
000101101 3
001101101 6
001100101 1
101100101 7
101100001 5
101110001 9
101110000 8
101110010 1
001110010 9
001110011 5
---------------------------------
001100011 1
101100011 9
101100010 2
111100010 1
011100010 5
011110010 3
010110010 9
010110011 4
010010011 7
010010111 8
010010101 6
010011101 2
000011101 8
000011111 9

Path 25 Found:
000001111 2
010001111 8
010001101 4
010101101 2
000101101 3
001101101 6
001100101 8
001100111 3
000100111 6
000101111 7
000101011 5
000111011 4
000011011 3
001011011 5
---------------------------------
001001011 7
001001111 6
001000111 5
001010111 3
000010111 4
000110111 7
000110011 2
010110011 4
010010011 7
010010111 8
010010101 6
010011101 2
000011101 8
000011111 9

Path 26 Found:
000001111 2
010001111 8
010001101 4
010101101 9
010101100 1
110101100 2
100101100 5
100111100 4
100011100 2
110011100 1
010011100 4
010111100 6
010110100 1
110110100 5
---------------------------------
110100100 9
110100101 4
110000101 6
110001101 9
110001100 8
110001110 6
110000110 5
110010110 8
110010100 9
110010101 1
010010101 6
010011101 2
000011101 8
000011111 9

Path 27 Found:
000001111 2
010001111 8
010001101 4
010101101 9
010101100 1
110101100 2
100101100 8
100101110 1
000101110 3
001101110 6
001100110 5
001110110 3
000110110 1
100110110 5
---------------------------------
100100110 9
100100111 7
100100011 5
100110011 4
100010011 7
100010111 9
100010110 2
110010110 8
110010100 9
110010101 1
010010101 6
010011101 2
000011101 8
000011111 9

Path 28 Found:
000001111 2
010001111 8
010001101 4
010101101 9
010101100 3
011101100 4
011001100 9
011001101 2
001001101 5
001011101 7
001011001 4
001111001 6
001110001 2
011110001 5
---------------------------------
011100001 8
011100011 4
011000011 6
011001011 3
010001011 5
010011011 8
010011001 1
110011001 6
110010001 7
110010101 1
010010101 6
010011101 2
000011101 8
000011111 9

Path 29 Found:
000001111 2
010001111 8
010001101 4
010101101 9
010101100 3
011101100 4
011001100 9
011001101 2
001001101 5
001011101 9
001011100 2
011011100 7
011011000 9
011011001 5
---------------------------------
011001001 1
111001001 3
110001001 8
110001011 1
010001011 5
010011011 8
010011001 1
110011001 6
110010001 7
110010101 1
010010101 6
010011101 2
000011101 8
000011111 9

Path 30 Found:
000001111 2
010001111 8
010001101 4
010101101 9
010101100 3
011101100 4
011001100 9
011001101 2
001001101 8
001001111 9
001001110 5
001011110 7
001011010 9
001011011 5
---------------------------------
001001011 1
101001011 3
100001011 5
100011011 1
000011011 2
010011011 8
010011001 1
110011001 6
110010001 7
110010101 1
010010101 6
010011101 2
000011101 8
000011111 9

Path 31 Found:
000001111 2
010001111 8
010001101 4
010101101 9
010101100 3
011101100 4
011001100 9
011001101 7
011001001 4
011101001 2
001101001 5
001111001 6
001110001 2
011110001 5
---------------------------------
011100001 8
011100011 4
011000011 5
011010011 8
011010001 6
011011001 3
010011001 1
110011001 6
110010001 7
110010101 1
010010101 6
010011101 2
000011101 8
000011111 9

Path 32 Found:
000001111 2
010001111 8
010001101 4
010101101 9
010101100 5
010111100 4
010011100 8
010011110 5
010001110 3
011001110 7
011001010 5
011011010 2
001011010 9
001011011 5
---------------------------------
001001011 1
101001011 8
101001001 5
101011001 3
100011001 7
100011101 5
100001101 2
110001101 6
110000101 5
110010101 1
010010101 6
010011101 2
000011101 8
000011111 9

Path 33 Found:
000001111 2
010001111 9
010001110 3
011001110 2
001001110 1
101001110 7
101001010 2
111001010 1
011001010 5
011011010 8
011011000 9
011011001 6
011010001 4
011110001 5
---------------------------------
011100001 6
011101001 4
011001001 1
111001001 2
101001001 5
101011001 9
101011000 8
101011010 3
100011010 9
100011011 8
100011001 7
100011101 1
000011101 8
000011111 9

Path 34 Found:
000001111 2
010001111 9
010001110 3
011001110 2
001001110 1
101001110 7
101001010 2
111001010 1
011001010 9
011001011 6
011000011 5
011010011 8
011010001 4
011110001 5
---------------------------------
011100001 6
011101001 2
001101001 5
001111001 4
001011001 1
101011001 9
101011000 8
101011010 3
100011010 9
100011011 8
100011001 7
100011101 1
000011101 8
000011111 9

Path 35 Found:
000001111 2
010001111 9
010001110 3
011001110 2
001001110 9
001001111 7
001001011 1
101001011 3
100001011 4
100101011 9
100101010 5
100111010 6
100110010 7
100110110 5
---------------------------------
100100110 3
101100110 4
101000110 5
101010110 1
001010110 6
001011110 7
001011010 9
001011011 3
000011011 1
100011011 8
100011001 7
100011101 1
000011101 8
000011111 9

Path 36 Found:
000001111 2
010001111 9
010001110 3
011001110 7
011001010 1
111001010 2
101001010 7
101001110 1
001001110 5
001011110 7
001011010 2
011011010 8
011011000 9
011011001 5
---------------------------------
011001001 1
111001001 2
101001001 8
101001011 3
100001011 5
100011011 9
100011010 3
101011010 8
101011000 9
101011001 3
100011001 7
100011101 1
000011101 8
000011111 9

Path 37 Found:
000001111 2
010001111 9
010001110 3
011001110 7
011001010 5
011011010 8
011011000 9
011011001 6
011010001 4
011110001 3
010110001 7
010110101 2
000110101 8
000110111 5
---------------------------------
000100111 2
010100111 8
010100101 3
011100101 7
011100001 6
011101001 4
011001001 1
111001001 2
101001001 5
101011001 3
100011001 7
100011101 1
000011101 8
000011111 9

Path 38 Found:
000001111 2
010001111 9
010001110 3
011001110 7
011001010 9
011001011 3
010001011 1
110001011 9
110001010 4
110101010 8
110101000 5
110111000 6
110110000 7
110110100 5
---------------------------------
110100100 3
111100100 4
111000100 5
111010100 2
101010100 6
101011100 1
001011100 9
001011101 7
001011001 1
101011001 3
100011001 7
100011101 1
000011101 8
000011111 9

Path 39 Found:
000001111 2
010001111 9
010001110 3
011001110 7
011001010 9
011001011 6
011000011 5
011010011 8
011010001 4
011110001 3
010110001 7
010110101 2
000110101 8
000110111 5
---------------------------------
000100111 2
010100111 8
010100101 3
011100101 7
011100001 6
011101001 2
001101001 5
001111001 4
001011001 1
101011001 3
100011001 7
100011101 1
000011101 8
000011111 9

Path 40 Found:
000001111 2
010001111 9
010001110 4
010101110 7
010101010 3
011101010 4
011001010 5
011011010 8
011011000 9
011011001 6
011010001 4
011110001 2
001110001 8
001110011 5
---------------------------------
001100011 2
011100011 8
011100001 6
011101001 4
011001001 1
111001001 2
101001001 5
101011001 6
101010001 7
101010101 3
100010101 6
100011101 1
000011101 8
000011111 9

Path 41 Found:
000001111 2
010001111 9
010001110 4
010101110 7
010101010 3
011101010 4
011001010 7
011001110 2
001001110 5
001011110 7
001011010 2
011011010 8
011011000 9
011011001 5
---------------------------------
011001001 1
111001001 2
101001001 8
101001011 3
100001011 5
100011011 8
100011001 3
101011001 6
101010001 7
101010101 3
100010101 6
100011101 1
000011101 8
000011111 9

Path 42 Found:
000001111 2
010001111 9
010001110 4
010101110 7
010101010 3
011101010 4
011001010 9
011001011 6
011000011 5
011010011 8
011010001 4
011110001 2
001110001 8
001110011 5
---------------------------------
001100011 2
011100011 8
011100001 6
011101001 2
001101001 5
001111001 4
001011001 1
101011001 6
101010001 7
101010101 3
100010101 6
100011101 1
000011101 8
000011111 9

Path 43 Found:
000001111 2
010001111 9
010001110 4
010101110 7
010101010 3
011101010 6
011100010 1
111100010 3
110100010 5
110110010 8
110110000 7
110110100 4
110010100 6
110011100 5
---------------------------------
110001100 4
110101100 6
110100100 3
111100100 2
101100100 5
101110100 7
101110000 9
101110001 4
101010001 7
101010101 3
100010101 6
100011101 1
000011101 8
000011111 9

Path 44 Found:
000001111 2
010001111 9
010001110 4
010101110 7
010101010 3
011101010 6
011100010 1
111100010 3
110100010 7
110100110 4
110000110 5
110010110 8
110010100 6
110011100 5
---------------------------------
110001100 4
110101100 2
100101100 5
100111100 6
100110100 3
101110100 7
101110000 9
101110001 4
101010001 7
101010101 3
100010101 6
100011101 1
000011101 8
000011111 9

Path 45 Found:
000001111 2
010001111 9
010001110 5
010011110 6
010010110 9
010010111 7
010010011 4
010110011 2
000110011 7
000110111 8
000110101 2
010110101 7
010110001 3
011110001 5
---------------------------------
011100001 7
011100101 3
010100101 8
010100111 2
000100111 3
001100111 8
001100101 6
001101101 3
000101101 1
100101101 4
100001101 5
100011101 1
000011101 8
000011111 9

Path 46 Found:
000001111 2
010001111 9
010001110 5
010011110 7
010011010 4
010111010 6
010110010 9
010110011 2
000110011 7
000110111 8
000110101 2
010110101 7
010110001 3
011110001 5
---------------------------------
011100001 7
011100101 3
010100101 8
010100111 2
000100111 3
001100111 8
001100101 1
101100101 4
101000101 6
101001101 3
100001101 5
100011101 1
000011101 8
000011111 9

Path 47 Found:
000001111 2
010001111 9
010001110 5
010011110 7
010011010 4
010111010 8
010111000 9
010111001 5
010101001 1
110101001 4
110001001 5
110011001 1
010011001 3
011011001 5
---------------------------------
011001001 7
011001101 9
011001100 5
011011100 6
011010100 9
011010101 5
011000101 1
111000101 2
101000101 6
101001101 3
100001101 5
100011101 1
000011101 8
000011111 9

Path 48 Found:
000001111 3
001001111 6
001000111 1
101000111 9
101000110 5
101010110 1
001010110 6
001011110 5
001001110 2
011001110 7
011001010 5
011011010 2
001011010 9
001011011 5
---------------------------------
001001011 1
101001011 8
101001001 5
101011001 3
100011001 8
100011011 5
100001011 4
100101011 9
100101010 5
100111010 1
000111010 9
000111011 4
000011011 7
000011111 9

Path 49 Found:
000001111 3
001001111 6
001000111 4
001100111 3
000100111 6
000101111 7
000101011 2
010101011 6
010100011 1
110100011 9
110100010 5
110110010 2
100110010 7
100110110 5
---------------------------------
100100110 3
101100110 8
101100100 5
101110100 1
001110100 9
001110101 4
001010101 8
001010111 3
000010111 4
000110111 7
000110011 6
000111011 4
000011011 7
000011111 9

Path 50 Found:
000001111 3
001001111 7
001001011 1
101001011 3
100001011 5
100011011 8
100011001 7
100011101 1
000011101 2
010011101 6
010010101 1
110010101 9
110010100 4
110110100 5
---------------------------------
110100100 6
110101100 1
010101100 9
010101101 4
010001101 8
010001111 9
010001110 3
011001110 2
001001110 5
001011110 7
001011010 9
001011011 3
000011011 7
000011111 9

Path 51 Found:
000001111 3
001001111 7
001001011 1
101001011 8
101001001 5
101011001 9
101011000 4
101111000 3
100111000 9
100111001 1
000111001 7
000111101 6
000110101 2
010110101 5
---------------------------------
010100101 8
010100111 4
010000111 3
011000111 9
011000110 1
111000110 7
111000010 6
111001010 1
011001010 5
011011010 2
001011010 9
001011011 3
000011011 7
000011111 9

Path 52 Found:
000001111 3
001001111 7
001001011 1
101001011 9
101001010 7
101001110 3
100001110 2
110001110 8
110001100 9
110001101 6
110000101 5
110010101 9
110010100 4
110110100 5
---------------------------------
110100100 6
110101100 1
010101100 5
010111100 4
010011100 1
110011100 2
100011100 8
100011110 7
100011010 3
101011010 1
001011010 9
001011011 3
000011011 7
000011111 9

Path 53 Found:
000001111 3
001001111 7
001001011 4
001101011 3
000101011 2
010101011 6
010100011 1
110100011 2
100100011 5
100110011 4
100010011 7
100010111 9
100010110 4
100110110 5
---------------------------------
100100110 6
100101110 1
000101110 3
001101110 6
001100110 5
001110110 8
001110100 9
001110101 4
001010101 8
001010111 7
001010011 6
001011011 3
000011011 7
000011111 9

Path 54 Found:
000001111 3
001001111 7
001001011 4
001101011 3
000101011 7
000101111 6
000100111 3
001100111 4
001000111 1
101000111 9
101000110 5
101010110 3
100010110 4
100110110 5
---------------------------------
100100110 6
100101110 7
100101010 5
100111010 1
000111010 9
000111011 6
000110011 7
000110111 4
000010111 3
001010111 7
001010011 6
001011011 3
000011011 7
000011111 9

Path 55 Found:
000001111 3
001001111 7
001001011 4
001101011 8
001101001 2
011101001 3
010101001 1
110101001 6
110100001 5
110110001 1
010110001 3
011110001 2
001110001 8
001110011 5
---------------------------------
001100011 2
011100011 8
011100001 7
011100101 9
011100100 5
011110100 4
011010100 9
011010101 7
011010001 8
011010011 2
001010011 6
001011011 3
000011011 7
000011111 9

Path 56 Found:
000001111 3
001001111 7
001001011 4
001101011 8
001101001 2
011101001 3
010101001 1
110101001 6
110100001 5
110110001 2
100110001 3
101110001 9
101110000 8
101110010 5
---------------------------------
101100010 2
111100010 1
011100010 7
011100110 8
011100100 5
011110100 4
011010100 9
011010101 7
011010001 8
011010011 2
001010011 6
001011011 3
000011011 7
000011111 9

Path 57 Found:
000001111 3
001001111 7
001001011 4
001101011 8
001101001 2
011101001 6
011100001 8
011100011 2
001100011 1
101100011 4
101000011 5
101010011 9
101010010 4
101110010 5
---------------------------------
101100010 6
101101010 1
001101010 5
001111010 6
001110010 9
001110011 8
001110001 2
011110001 4
011010001 8
011010011 2
001010011 6
001011011 3
000011011 7
000011111 9

Path 58 Found:
000001111 3
001001111 7
001001011 4
001101011 9
001101010 1
101101010 6
101100010 2
111100010 1
011100010 7
011100110 8
011100100 5
011110100 3
010110100 1
110110100 5
---------------------------------
110100100 9
110100101 7
110100001 5
110110001 2
100110001 3
101110001 9
101110000 8
101110010 4
101010010 9
101010011 1
001010011 6
001011011 3
000011011 7
000011111 9

Path 59 Found:
000001111 3
001001111 7
001001011 4
001101011 9
001101010 5
001111010 6
001110010 9
001110011 8
001110001 2
011110001 3
010110001 7
010110101 9
010110100 1
110110100 5
---------------------------------
110100100 9
110100101 1
010100101 3
011100101 7
011100001 8
011100011 2
001100011 1
101100011 4
101000011 5
101010011 1
001010011 6
001011011 3
000011011 7
000011111 9

Path 60 Found:
000001111 3
001001111 8
001001101 2
011001101 7
011001001 4
011101001 3
010101001 1
110101001 6
110100001 5
110110001 1
010110001 3
011110001 2
001110001 8
001110011 5
---------------------------------
001100011 2
011100011 8
011100001 7
011100101 9
011100100 5
011110100 4
011010100 9
011010101 7
011010001 6
011011001 3
010011001 8
010011011 2
000011011 7
000011111 9

Path 61 Found:
000001111 3
001001111 8
001001101 2
011001101 7
011001001 4
011101001 3
010101001 1
110101001 6
110100001 5
110110001 2
100110001 3
101110001 9
101110000 8
101110010 5
---------------------------------
101100010 2
111100010 1
011100010 7
011100110 8
011100100 5
011110100 4
011010100 9
011010101 7
011010001 6
011011001 3
010011001 8
010011011 2
000011011 7
000011111 9

Path 62 Found:
000001111 3
001001111 8
001001101 2
011001101 7
011001001 4
011101001 6
011100001 8
011100011 2
001100011 1
101100011 4
101000011 5
101010011 9
101010010 4
101110010 5
---------------------------------
101100010 6
101101010 1
001101010 5
001111010 6
001110010 9
001110011 8
001110001 2
011110001 4
011010001 6
011011001 3
010011001 8
010011011 2
000011011 7
000011111 9

Path 63 Found:
000001111 3
001001111 8
001001101 2
011001101 9
011001100 5
011011100 2
001011100 1
101011100 3
100011100 8
100011110 7
100011010 3
101011010 1
001011010 9
001011011 5
---------------------------------
001001011 1
101001011 9
101001010 7
101001110 3
100001110 2
110001110 7
110001010 9
110001011 8
110001001 5
110011001 1
010011001 8
010011011 2
000011011 7
000011111 9

Path 64 Found:
000001111 3
001001111 8
001001101 5
001011101 7
001011001 1
101011001 9
101011000 4
101111000 3
100111000 9
100111001 1
000111001 7
000111101 6
000110101 2
010110101 5
---------------------------------
010100101 8
010100111 4
010000111 3
011000111 9
011000110 1
111000110 7
111000010 6
111001010 1
011001010 9
011001011 3
010001011 5
010011011 2
000011011 7
000011111 9

Path 65 Found:
000001111 4
000101111 6
000100111 2
010100111 4
010000111 5
010010111 7
010010011 1
110010011 9
110010010 6
110011010 8
110011000 3
111011000 2
101011000 8
101011010 5
---------------------------------
101001010 2
111001010 8
111001000 7
111001100 2
101001100 4
101101100 1
001101100 9
001101101 3
000101101 5
000111101 6
000110101 8
000110111 4
000010111 6
000011111 9

Path 66 Found:
000001111 4
000101111 6
000100111 2
010100111 4
010000111 5
010010111 8
010010101 1
110010101 7
110010001 6
110011001 1
010011001 8
010011011 2
000011011 3
001011011 5
---------------------------------
001001011 7
001001111 8
001001101 2
011001101 9
011001100 4
011101100 3
010101100 9
010101101 2
000101101 5
000111101 6
000110101 8
000110111 4
000010111 6
000011111 9

Path 67 Found:
000001111 4
000101111 6
000100111 2
010100111 4
010000111 5
010010111 9
010010110 6
010011110 7
010011010 1
110011010 8
110011000 3
111011000 2
101011000 8
101011010 5
---------------------------------
101001010 2
111001010 8
111001000 7
111001100 2
101001100 9
101001101 3
100001101 4
100101101 1
000101101 5
000111101 6
000110101 8
000110111 4
000010111 6
000011111 9

Path 68 Found:
000001111 4
000101111 6
000100111 2
010100111 8
010100101 3
011100101 9
011100100 8
011100110 3
010100110 1
110100110 4
110000110 5
110010110 2
100010110 6
100011110 5
---------------------------------
100001110 4
100101110 8
100101100 5
100111100 6
100110100 9
100110101 7
100110001 2
110110001 1
010110001 7
010110101 2
000110101 8
000110111 4
000010111 6
000011111 9

Path 69 Found:
000001111 4
000101111 6
000100111 2
010100111 8
010100101 3
011100101 9
011100100 8
011100110 3
010100110 5
010110110 2
000110110 1
100110110 4
100010110 6
100011110 5
---------------------------------
100001110 4
100101110 6
100100110 9
100100111 8
100100101 5
100110101 7
100110001 2
110110001 1
010110001 7
010110101 2
000110101 8
000110111 4
000010111 6
000011111 9

Path 70 Found:
000001111 4
000101111 6
000100111 3
001100111 4
001000111 5
001010111 8
001010101 6
001011101 3
000011101 2
010011101 7
010011001 8
010011011 2
000011011 3
001011011 5
---------------------------------
001001011 7
001001111 8
001001101 2
011001101 3
010001101 8
010001111 7
010001011 4
010101011 2
000101011 5
000111011 6
000110011 7
000110111 4
000010111 6
000011111 9

Path 71 Found:
000001111 4
000101111 6
000100111 3
001100111 4
001000111 6
001001111 7
001001011 1
101001011 6
101000011 5
101010011 9
101010010 4
101110010 3
100110010 7
100110110 5
---------------------------------
100100110 3
101100110 7
101100010 6
101101010 1
001101010 5
001111010 4
001011010 9
001011011 3
000011011 4
000111011 6
000110011 7
000110111 4
000010111 6
000011111 9

Path 72 Found:
000001111 4
000101111 6
000100111 3
001100111 4
001000111 6
001001111 7
001001011 1
101001011 8
101001001 5
101011001 9
101011000 8
101011010 3
100011010 7
100011110 5
---------------------------------
100001110 3
101001110 7
101001010 2
111001010 1
011001010 5
011011010 2
001011010 9
001011011 3
000011011 4
000111011 6
000110011 7
000110111 4
000010111 6
000011111 9

Path 73 Found:
000001111 4
000101111 6
000100111 3
001100111 4
001000111 6
001001111 8
001001101 5
001011101 7
001011001 1
101011001 9
101011000 8
101011010 3
100011010 7
100011110 5
---------------------------------
100001110 3
101001110 7
101001010 2
111001010 1
011001010 9
011001011 3
010001011 5
010011011 2
000011011 4
000111011 6
000110011 7
000110111 4
000010111 6
000011111 9

Path 74 Found:
000001111 4
000101111 6
000100111 3
001100111 8
001100101 1
101100101 4
101000101 8
101000111 9
101000110 5
101010110 1
001010110 4
001110110 3
000110110 1
100110110 5
---------------------------------
100100110 9
100100111 7
100100011 6
100101011 9
100101010 5
100111010 1
000111010 2
010111010 6
010110010 9
010110011 2
000110011 7
000110111 4
000010111 6
000011111 9

Path 75 Found:
000001111 4
000101111 6
000100111 3
001100111 8
001100101 1
101100101 7
101100001 6
101101001 9
101101000 8
101101010 1
001101010 5
001111010 6
001110010 1
101110010 5
---------------------------------
101100010 9
101100011 4
101000011 5
101010011 9
101010010 2
111010010 1
011010010 4
011110010 3
010110010 9
010110011 2
000110011 7
000110111 4
000010111 6
000011111 9

Path 76 Found:
000001111 4
000101111 6
000100111 3
001100111 8
001100101 2
011100101 3
010100101 8
010100111 4
010000111 3
011000111 7
011000011 5
011010011 8
011010001 6
011011001 5
---------------------------------
011001001 4
011101001 2
001101001 5
001111001 3
000111001 7
000111101 6
000110101 2
010110101 7
010110001 8
010110011 2
000110011 7
000110111 4
000010111 6
000011111 9

Path 77 Found:
000001111 4
000101111 6
000100111 3
001100111 8
001100101 6
001101101 9
001101100 1
101101100 7
101101000 8
101101010 1
001101010 5
001111010 6
001110010 1
101110010 5
---------------------------------
101100010 9
101100011 4
101000011 5
101010011 9
101010010 2
111010010 3
110010010 9
110010011 1
010010011 4
010110011 2
000110011 7
000110111 4
000010111 6
000011111 9

Path 78 Found:
000001111 4
000101111 7
000101011 2
010101011 4
010001011 3
011001011 6
011000011 4
011100011 3
010100011 1
110100011 2
100100011 5
100110011 9
100110010 7
100110110 5
---------------------------------
100100110 3
101100110 1
001100110 5
001110110 8
001110100 9
001110101 7
001110001 6
001111001 4
001011001 7
001011101 6
001010101 8
001010111 3
000010111 6
000011111 9

Path 79 Found:
000001111 4
000101111 7
000101011 2
010101011 4
010001011 5
010011011 2
000011011 1
100011011 8
100011001 7
100011101 1
000011101 2
010011101 7
010011001 3
011011001 5
---------------------------------
011001001 7
011001101 3
010001101 8
010001111 9
010001110 3
011001110 2
001001110 9
001001111 8
001001101 5
001011101 6
001010101 8
001010111 3
000010111 6
000011111 9

Path 80 Found:
000001111 4
000101111 7
000101011 2
010101011 4
010001011 5
010011011 8
010011001 7
010011101 2
000011101 1
100011101 7
100011001 8
100011011 1
000011011 3
001011011 5
---------------------------------
001001011 7
001001111 9
001001110 2
011001110 3
010001110 9
010001111 8
010001101 3
011001101 2
001001101 5
001011101 6
001010101 8
001010111 3
000010111 6
000011111 9

Path 81 Found:
000001111 4
000101111 7
000101011 2
010101011 4
010001011 7
010001111 8
010001101 1
110001101 9
110001100 8
110001110 6
110000110 5
110010110 8
110010100 4
110110100 5
---------------------------------
110100100 6
110101100 2
100101100 5
100111100 4
100011100 2
110011100 1
010011100 9
010011101 2
000011101 3
001011101 6
001010101 8
001010111 3
000010111 6
000011111 9

Path 82 Found:
000001111 4
000101111 7
000101011 2
010101011 6
010100011 3
011100011 4
011000011 5
011010011 2
001010011 4
001110011 9
001110010 6
001111010 4
001011010 9
001011011 5
---------------------------------
001001011 1
101001011 6
101000011 4
101100011 1
001100011 6
001101011 8
001101001 5
001111001 6
001110001 7
001110101 4
001010101 8
001010111 3
000010111 6
000011111 9

Path 83 Found:
000001111 4
000101111 7
000101011 2
010101011 6
010100011 3
011100011 4
011000011 5
011010011 2
001010011 6
001011011 9
001011010 4
001111010 6
001110010 9
001110011 5
---------------------------------
001100011 1
101100011 4
101000011 6
101001011 1
001001011 4
001101011 8
001101001 5
001111001 6
001110001 7
001110101 4
001010101 8
001010111 3
000010111 6
000011111 9

Path 84 Found:
000001111 4
000101111 7
000101011 2
010101011 6
010100011 3
011100011 4
011000011 5
011010011 8
011010001 1
111010001 3
110010001 6
110011001 1
010011001 3
011011001 5
---------------------------------
011001001 7
011001101 9
011001100 4
011101100 7
011101000 9
011101001 2
001101001 5
001111001 6
001110001 7
001110101 4
001010101 8
001010111 3
000010111 6
000011111 9

Path 85 Found:
000001111 4
000101111 7
000101011 2
010101011 6
010100011 3
011100011 4
011000011 6
011001011 9
011001010 5
011011010 2
001011010 4
001111010 6
001110010 9
001110011 5
---------------------------------
001100011 1
101100011 4
101000011 6
101001011 8
101001001 5
101011001 1
001011001 4
001111001 6
001110001 7
001110101 4
001010101 8
001010111 3
000010111 6
000011111 9

Path 86 Found:
000001111 4
000101111 7
000101011 2
010101011 6
010100011 5
010110011 4
010010011 7
010010111 9
010010110 6
010011110 8
010011100 1
110011100 2
100011100 8
100011110 5
---------------------------------
100001110 2
110001110 8
110001100 9
110001101 2
100001101 4
100101101 1
000101101 3
001101101 6
001100101 5
001110101 4
001010101 8
001010111 3
000010111 6
000011111 9

Path 87 Found:
000001111 4
000101111 7
000101011 2
010101011 6
010100011 5
010110011 9
010110010 3
011110010 5
011100010 7
011100110 8
011100100 5
011110100 3
010110100 1
110110100 5
---------------------------------
110100100 9
110100101 7
110100001 5
110110001 2
100110001 3
101110001 5
101100001 7
101100101 1
001100101 5
001110101 4
001010101 8
001010111 3
000010111 6
000011111 9

Path 88 Found:
000001111 4
000101111 7
000101011 2
010101011 6
010100011 5
010110011 9
010110010 6
010111010 2
000111010 9
000111011 6
000110011 7
000110111 9
000110110 1
100110110 5
---------------------------------
100100110 9
100100111 1
000100111 3
001100111 4
001000111 1
101000111 8
101000101 4
101100101 1
001100101 5
001110101 4
001010101 8
001010111 3
000010111 6
000011111 9

Path 89 Found:
000001111 4
000101111 7
000101011 2
010101011 6
010100011 5
010110011 9
010110010 6
010111010 4
010011010 7
010011110 8
010011100 1
110011100 2
100011100 8
100011110 5
---------------------------------
100001110 2
110001110 8
110001100 9
110001101 2
100001101 3
101001101 6
101000101 4
101100101 1
001100101 5
001110101 4
001010101 8
001010111 3
000010111 6
000011111 9

Path 90 Found:
000001111 4
000101111 7
000101011 3
001101011 4
001001011 7
001001111 8
001001101 5
001011101 3
000011101 1
100011101 7
100011001 8
100011011 9
100011010 3
101011010 5
---------------------------------
101001010 7
101001110 1
001001110 2
011001110 3
010001110 9
010001111 7
010001011 5
010011011 2
000011011 3
001011011 6
001010011 7
001010111 3
000010111 6
000011111 9

Path 91 Found:
000001111 4
000101111 7
000101011 3
001101011 8
001101001 5
001111001 4
001011001 7
001011101 3
000011101 1
100011101 7
100011001 8
100011011 9
100011010 3
101011010 5
---------------------------------
101001010 7
101001110 1
001001110 2
011001110 3
010001110 9
010001111 7
010001011 3
011001011 6
011000011 5
011010011 2
001010011 7
001010111 3
000010111 6
000011111 9

Path 92 Found:
000001111 4
000101111 7
000101011 5
000111011 9
000111010 2
010111010 5
010101010 3
011101010 6
011100010 7
011100110 3
010100110 5
010110110 2
000110110 1
100110110 5
---------------------------------
100100110 9
100100111 8
100100101 5
100110101 7
100110001 3
101110001 4
101010001 7
101010101 5
101000101 8
101000111 1
001000111 5
001010111 3
000010111 6
000011111 9

Path 93 Found:
000001111 4
000101111 8
000101101 1
100101101 4
100001101 3
101001101 9
101001100 2
111001100 6
111000100 5
111010100 2
101010100 6
101011100 3
100011100 8
100011110 5
---------------------------------
100001110 2
110001110 7
110001010 4
110101010 8
110101000 5
110111000 4
110011000 8
110011010 1
010011010 7
010011110 6
010010110 9
010010111 2
000010111 6
000011111 9

Path 94 Found:
000001111 4
000101111 8
000101101 1
100101101 4
100001101 3
101001101 9
101001100 2
111001100 6
111000100 5
111010100 7
111010000 6
111011000 2
101011000 8
101011010 5
---------------------------------
101001010 2
111001010 8
111001000 4
111101000 3
110101000 5
110111000 4
110011000 8
110011010 1
010011010 7
010011110 6
010010110 9
010010111 2
000010111 6
000011111 9

Path 95 Found:
000001111 4
000101111 8
000101101 1
100101101 7
100101001 8
100101011 9
100101010 5
100111010 1
000111010 9
000111011 6
000110011 7
000110111 9
000110110 1
100110110 5
---------------------------------
100100110 9
100100111 1
000100111 3
001100111 4
001000111 1
101000111 9
101000110 5
101010110 1
001010110 2
011010110 3
010010110 9
010010111 2
000010111 6
000011111 9

Path 96 Found:
000001111 4
000101111 8
000101101 2
010101101 9
010101100 3
011101100 7
011101000 8
011101010 6
011100010 7
011100110 3
010100110 5
010110110 2
000110110 1
100110110 5
---------------------------------
100100110 9
100100111 8
100100101 5
100110101 7
100110001 3
101110001 4
101010001 2
111010001 3
110010001 7
110010101 1
010010101 8
010010111 2
000010111 6
000011111 9

Path 97 Found:
000001111 4
000101111 8
000101101 3
001101101 9
001101100 1
101101100 4
101001100 2
111001100 6
111000100 5
111010100 2
101010100 6
101011100 3
100011100 8
100011110 5
---------------------------------
100001110 2
110001110 7
110001010 4
110101010 8
110101000 5
110111000 4
110011000 8
110011010 6
110010010 9
110010011 1
010010011 7
010010111 2
000010111 6
000011111 9

Path 98 Found:
000001111 4
000101111 8
000101101 3
001101101 9
001101100 1
101101100 4
101001100 2
111001100 6
111000100 5
111010100 7
111010000 6
111011000 2
101011000 8
101011010 5
---------------------------------
101001010 2
111001010 8
111001000 4
111101000 3
110101000 5
110111000 4
110011000 8
110011010 6
110010010 9
110010011 1
010010011 7
010010111 2
000010111 6
000011111 9

Path 99 Found:
000001111 4
000101111 8
000101101 3
001101101 9
001101100 8
001101110 6
001100110 5
001110110 8
001110100 9
001110101 4
001010101 8
001010111 7
001010011 6
001011011 5
---------------------------------
001001011 4
001101011 3
000101011 2
010101011 6
010100011 1
110100011 2
100100011 5
100110011 4
100010011 2
110010011 1
010010011 7
010010111 2
000010111 6
000011111 9

Path 100 Found:
000001111 4
000101111 8
000101101 5
000111101 7
000111001 2
010111001 5
010101001 1
110101001 4
110001001 5
110011001 1
010011001 8
010011011 2
000011011 3
001011011 5
---------------------------------
001001011 7
001001111 8
001001101 2
011001101 9
011001100 5
011011100 6
011010100 9
011010101 5
011000101 8
011000111 3
010000111 5
010010111 2
000010111 6
000011111 9

