Please enter an odd number
PATH 1 FOUND 

000001111
010001111
010001011
011001011
011001001
011001101
010001101
010101101
010101100
011101100
011001100
011011100
010011100
010111100
010111000
010111010
010101010
010101110
010001110
011001110
011001010
011101010
011101000
011111000
011011000
011011010
010011010
010011110


2
7
3
8
7
3
4
9
3
4
5
3
4
7
8
5
7
4
3
7
4
8
5
4
8
3
7


PATH 2 FOUND 

000001111
010001111
010001101
011001101
011001001
011001011
010001011
010101011
010101010
011101010
011001010
011011010
010011010
010111010
010111000
010111100
010101100
010101110
010001110
011001110
011001100
011101100
011101000
011111000
011011000
011011100
010011100
010011110


2
8
3
7
8
3
4
9
3
4
5
3
4
8
7
5
8
4
3
8
4
7
5
4
7
3
8


