Please enter an odd number
PATH 1 FOUND 

000001111
010001111
010001011
011001011
011001001
011101001
010101001
010101101
010001101
011001101
011001100
011101100
010101100
010101110
010001110
011001110
011001010
011101010
011101000
011111000
010111000
010111100
010011100
011011100
011011000
011011010
010011010
010011110


2
7
3
8
4
3
7
4
3
9
4
3
8
4
3
7
4
8
5
3
7
4
3
7
8
3
7


PATH 2 FOUND 

000001111
010001111
010001101
011001101
011001001
011101001
010101001
010101011
010001011
011001011
011001010
011101010
011101000
011101100
010101100
010101110
010001110
011001110
011001100
011011100
010011100
010111100
010111000
011111000
011011000
011011010
010011010
010011110


2
8
3
7
4
3
8
4
3
9
4
8
7
3
8
4
3
8
5
3
4
7
3
4
8
3
7


